%YAML:1.0
K_left: !!opencv-matrix
   rows: 3
   cols: 3
   dt: d
   data: [ 8.1626972801427985e+02, 0., 3.1406282059587232e+02, 0.,
       8.1698434099700773e+02, 2.0061975589145374e+02, 0., 0., 1. ]
K_right: !!opencv-matrix
   rows: 3
   cols: 3
   dt: d
   data: [ 8.2350915766848834e+02, 0., 3.0115500220135362e+02, 0.,
       8.2492715996755680e+02, 2.0914319650568794e+02, 0., 0., 1. ]
D_left: !!opencv-matrix
   rows: 1
   cols: 5
   dt: d
   data: [ -6.0353038223665868e-02, 4.5504851106325950e-01,
       -1.1859171813969675e-02, -5.5416099289726467e-04,
       -2.5038448312026746e+00 ]
D_right: !!opencv-matrix
   rows: 1
   cols: 5
   dt: d
   data: [ -3.8464896688561338e-02, -1.7637258154820518e-01,
       -1.3056086468780329e-02, -5.7706143417976348e-03,
       2.6288121558564619e+00 ]
R: !!opencv-matrix
   rows: 3
   cols: 3
   dt: d
   data: [ 9.9985576483122085e-01, -8.1780226038709360e-03,
       1.4885210111551542e-02, 8.4183946655863630e-03,
       9.9983401098135161e-01, -1.6158004709643320e-02,
       -1.4750598802383830e-02, 1.6280983730506113e-02,
       9.9975864557589000e-01 ]
T: [ -6.9291330643028476e-02, -3.8829510341459278e-03,
    9.8679265946982858e-04 ]
E: !!opencv-matrix
   rows: 3
   cols: 3
   dt: d
   data: [ 4.8968642813467389e-05, -1.0498471253379555e-03,
       -3.8660692662960791e-03, -3.5438289534597735e-05,
       1.1200610141897881e-03, 6.9289295489898053e-02,
       3.2990692077915049e-03, -6.9311583904381163e-02,
       1.1774081888636350e-03 ]
F: !!opencv-matrix
   rows: 3
   cols: 3
   dt: d
   data: [ 9.6595077996622857e-08, -2.0691070070784059e-06,
       -5.8402460177325657e-03, -6.9785069033624930e-08,
       2.2036945599399516e-06, 1.1095529425805202e-01,
       5.3446657954377506e-03, -1.1233222817751447e-01, 1. ]
R_left: !!opencv-matrix
   rows: 3
   cols: 3
   dt: d
   data: [ 9.9886932716009269e-01, 4.7539466775279739e-02,
       -2.5759942890732357e-04, -4.7539969163856707e-02,
       9.9883501437736510e-01, -8.2804218291313639e-03,
       -1.3634750915505079e-04, 8.2833056499730662e-03,
       9.9996568353962334e-01 ]
R_right: !!opencv-matrix
   rows: 3
   cols: 3
   dt: d
   data: [ 9.9833264181861359e-01, 5.5944614254007201e-02,
       -1.4217468671960495e-02, -5.5824863372232199e-02,
       9.9840280360563904e-01, 8.6848363180554930e-03,
       1.4680630399933500e-02, -7.8766673390553987e-03,
       9.9986120896987030e-01 ]
P_left: !!opencv-matrix
   rows: 3
   cols: 4
   dt: d
   data: [ 8.0516467000551449e+02, 0., 3.1152633666992188e+02, 0., 0.,
       8.0516467000551449e+02, 2.0027088546752930e+02, 0., 0., 0., 1.,
       0. ]
P_right: !!opencv-matrix
   rows: 3
   cols: 4
   dt: d
   data: [ 8.0516467000551449e+02, 0., 3.1152633666992188e+02,
       -5.5884110199788140e+01, 0., 8.0516467000551449e+02,
       2.0027088546752930e+02, 0., 0., 0., 1., 0. ]
Q: !!opencv-matrix
   rows: 4
   cols: 4
   dt: d
   data: [ 1., 0., 0., -3.1152633666992188e+02, 0., 1., 0.,
       -2.0027088546752930e+02, 0., 0., 0., 8.0516467000551449e+02, 0.,
       0., 1.4407756822592603e+01, 0. ]
